state id: 1, label: [10, 11]
state id: 2, label: [11, 10]
state id: 3, label: [10, 11, 11]
state id: 4, label: [11, 10, 10]
state id: 5, label: [10, 11, 11, 11]
state id: 6, label: [11, 10, 10, 10]
state id: 7, label: [10, 11, 11, 11, 11]
state id: 8, label: [11, 10, 10, 10, 10]
state id: 9, label: [10, 11, 11, 11, 11, 11]
state id: 10, label: [11, 10, 10, 10, 10, 10]
state id: 11, label: [10, 11, 11, 11, 11, 11, 11]
state id: 12, label: [11, 10, 10, 10, 10, 10, 10]
state id: 13, label: [10, 11, 11, 11, 11, 11, 11, 11]
state id: 14, label: [11, 10, 10, 10, 10, 10, 10, 10]
state id: 15, label: [10, 11, 11, 11, 11, 11, 11, 11, 11]
state id: 16, label: [11, 10, 10, 10, 10, 10, 10, 10, 10]
state id: 17, label: [10, 11, 11, 11, 11, 11, 11, 11, 11, 11]
state id: 18, label: [11, 10, 10, 10, 10, 10, 10, 10, 10, 10]
state id: 19, label: [11, 11, 11, 11, 11, 11, 11, 11, 11, 11, 11]
state id: 20, label: [10, 11, 11, 11, 11, 11, 11, 11, 11, 11, 11]
state id: 21, label: [11, 10, 10, 10, 10, 10, 10, 10, 10, 10, 10]
state id: 22, label: [11, 10, 10, 10, 10, 10, 10, 10, 10, 10, 10, 10]
state id: 23, label: [11, 10, 10, 10, 10, 10, 10, 10, 10, 10, 10, 10, 10]
state id: 24, label: [11, 10, 10, 10, 10, 10, 10, 10, 10, 10, 10, 10, 10, 10]
state id: 25, label: [11, 10, 10, 10, 10, 10, 10, 10, 10, 10, 10, 10, 10, 10, 10]
state id: 26, label: [11, 10, 10, 10, 10, 10, 10, 10, 10, 10, 10, 10, 10, 10, 10, 10]
state id: 27, label: [11, 10, 10, 10, 10, 10, 10, 10, 10, 10, 10, 10, 10, 10, 10, 10, 10]
state id: 28, label: [11, 10, 10, 10, 10, 10, 10, 10, 10, 10, 10, 10, 10, 10, 10, 10, 10, 10]
state id: 29, label: [11, 10, 10, 10, 10, 10, 10, 10, 10, 10, 10, 10, 10, 10, 10, 10, 10, 10, 10]
state id: 30, label: [10, 10, 10, 10, 10, 10, 10, 10, 10, 10, 10, 10, 10, 10, 10, 10, 10, 10, 10, 10]
state id: 31, label: [11, 10, 10, 10, 10, 10, 10, 10, 10, 10, 10, 10, 10, 10, 10, 10, 10, 10, 10, 10]
