state id: 1, label: [11, 10]
state id: 2, label: [11, 10, 10]
state id: 3, label: [11, 10, 11]
state id: 4, label: [11, 10, 10, 10]
state id: 5, label: [11, 10, 11, 11]
state id: 6, label: [11, 10, 10, 11]
state id: 7, label: [11, 10, 10, 10, 10]
state id: 8, label: [10, 11, 11, 11, 11]
state id: 9, label: [11, 10, 11, 11, 11]
state id: 10, label: [11, 10, 10, 11, 11]
state id: 11, label: [11, 10, 10, 10, 11]
state id: 12, label: [11, 10, 10, 10, 10, 10]
state id: 13, label: [10, 11, 11, 11, 11, 11]
state id: 14, label: [11, 10, 10, 11, 11, 11]
state id: 15, label: [11, 10, 10, 10, 11, 11]
state id: 16, label: [11, 10, 10, 10, 10, 11]
state id: 17, label: [11, 10, 10, 10, 10, 10, 10]
state id: 18, label: [10, 11, 11, 11, 11, 11, 11]
state id: 19, label: [11, 10, 10, 10, 11, 11, 11]
state id: 20, label: [11, 10, 10, 10, 10, 11, 11]
state id: 21, label: [11, 10, 10, 10, 10, 10, 11]
state id: 22, label: [11, 10, 10, 10, 10, 10, 10, 10]
state id: 23, label: [10, 11, 11, 11, 11, 11, 11, 11]
state id: 24, label: [11, 10, 10, 10, 10, 11, 11, 11]
state id: 25, label: [11, 10, 10, 10, 10, 10, 11, 11]
state id: 26, label: [11, 10, 10, 10, 10, 10, 10, 11]
state id: 27, label: [11, 10, 10, 10, 10, 10, 10, 10, 10]
state id: 28, label: [10, 11, 11, 11, 11, 11, 11, 11, 11]
state id: 29, label: [11, 10, 10, 10, 10, 10, 11, 11, 11]
state id: 30, label: [11, 10, 10, 10, 10, 10, 10, 11, 11]
state id: 31, label: [11, 10, 10, 10, 10, 10, 10, 10, 11]
state id: 32, label: [11, 10, 10, 10, 10, 10, 10, 10, 10, 10]
state id: 33, label: [10, 11, 11, 11, 11, 11, 11, 11, 11, 11]
state id: 34, label: [11, 10, 10, 10, 10, 10, 10, 11, 11, 11]
state id: 35, label: [11, 10, 10, 10, 10, 10, 10, 10, 11, 11]
state id: 36, label: [11, 10, 10, 10, 10, 10, 10, 10, 10, 11]
state id: 37, label: [11, 10, 10, 10, 10, 10, 10, 10, 10, 10, 10]
state id: 38, label: [11, 11, 11, 11, 11, 11, 11, 11, 11, 11, 11]
state id: 39, label: [10, 11, 11, 11, 11, 11, 11, 11, 11, 11, 11]
state id: 40, label: [11, 10, 10, 10, 10, 10, 10, 10, 11, 11, 11]
state id: 41, label: [11, 10, 10, 10, 10, 10, 10, 10, 10, 11, 11]
state id: 42, label: [11, 10, 10, 10, 10, 10, 10, 10, 10, 10, 11]
state id: 43, label: [11, 10, 10, 10, 10, 10, 10, 10, 10, 10, 10, 10]
state id: 44, label: [11, 10, 10, 10, 10, 10, 10, 10, 10, 11, 11, 11]
state id: 45, label: [11, 10, 10, 10, 10, 10, 10, 10, 10, 10, 11, 11]
state id: 46, label: [11, 10, 10, 10, 10, 10, 10, 10, 10, 10, 10, 11]
state id: 47, label: [11, 10, 10, 10, 10, 10, 10, 10, 10, 10, 10, 10, 10]
state id: 48, label: [11, 10, 10, 10, 10, 10, 10, 10, 10, 10, 11, 11, 11]
state id: 49, label: [11, 10, 10, 10, 10, 10, 10, 10, 10, 10, 10, 11, 11]
state id: 50, label: [11, 10, 10, 10, 10, 10, 10, 10, 10, 10, 10, 10, 11]
state id: 51, label: [11, 10, 10, 10, 10, 10, 10, 10, 10, 10, 10, 10, 10, 10]
state id: 52, label: [11, 10, 10, 10, 10, 10, 10, 10, 10, 10, 10, 11, 11, 11]
state id: 53, label: [11, 10, 10, 10, 10, 10, 10, 10, 10, 10, 10, 10, 11, 11]
state id: 54, label: [11, 10, 10, 10, 10, 10, 10, 10, 10, 10, 10, 10, 10, 11]
state id: 55, label: [11, 10, 10, 10, 10, 10, 10, 10, 10, 10, 10, 10, 10, 10, 10]
state id: 56, label: [11, 10, 10, 10, 10, 10, 10, 10, 10, 10, 10, 10, 11, 11, 11]
state id: 57, label: [11, 10, 10, 10, 10, 10, 10, 10, 10, 10, 10, 10, 10, 11, 11]
state id: 58, label: [11, 10, 10, 10, 10, 10, 10, 10, 10, 10, 10, 10, 10, 10, 11]
state id: 59, label: [11, 10, 10, 10, 10, 10, 10, 10, 10, 10, 10, 10, 10, 10, 10, 10]
state id: 60, label: [11, 10, 10, 10, 10, 10, 10, 10, 10, 10, 10, 10, 10, 11, 11, 11]
state id: 61, label: [11, 10, 10, 10, 10, 10, 10, 10, 10, 10, 10, 10, 10, 10, 11, 11]
state id: 62, label: [11, 10, 10, 10, 10, 10, 10, 10, 10, 10, 10, 10, 10, 10, 10, 11]
state id: 63, label: [11, 10, 10, 10, 10, 10, 10, 10, 10, 10, 10, 10, 10, 10, 10, 10, 10]
state id: 64, label: [11, 10, 10, 10, 10, 10, 10, 10, 10, 10, 10, 10, 10, 10, 11, 11, 11]
state id: 65, label: [11, 10, 10, 10, 10, 10, 10, 10, 10, 10, 10, 10, 10, 10, 10, 11, 11]
state id: 66, label: [11, 10, 10, 10, 10, 10, 10, 10, 10, 10, 10, 10, 10, 10, 10, 10, 11]
state id: 67, label: [11, 10, 10, 10, 10, 10, 10, 10, 10, 10, 10, 10, 10, 10, 10, 10, 10, 10]
state id: 68, label: [11, 10, 10, 10, 10, 10, 10, 10, 10, 10, 10, 10, 10, 10, 10, 11, 11, 11]
state id: 69, label: [11, 10, 10, 10, 10, 10, 10, 10, 10, 10, 10, 10, 10, 10, 10, 10, 11, 11]
state id: 70, label: [11, 10, 10, 10, 10, 10, 10, 10, 10, 10, 10, 10, 10, 10, 10, 10, 10, 11]
state id: 71, label: [11, 10, 10, 10, 10, 10, 10, 10, 10, 10, 10, 10, 10, 10, 10, 10, 10, 10, 10]
state id: 72, label: [11, 10, 10, 10, 10, 10, 10, 10, 10, 10, 10, 10, 10, 10, 10, 10, 11, 11, 11]
state id: 73, label: [11, 10, 10, 10, 10, 10, 10, 10, 10, 10, 10, 10, 10, 10, 10, 10, 10, 11, 11]
state id: 74, label: [11, 10, 10, 10, 10, 10, 10, 10, 10, 10, 10, 10, 10, 10, 10, 10, 10, 10, 11]
state id: 75, label: [11, 10, 10, 10, 10, 10, 10, 10, 10, 10, 10, 10, 10, 10, 10, 10, 10, 10, 10, 10]
state id: 76, label: [11, 10, 10, 10, 10, 10, 10, 10, 10, 10, 10, 10, 10, 10, 10, 10, 10, 11, 11, 11]
state id: 77, label: [11, 10, 10, 10, 10, 10, 10, 10, 10, 10, 10, 10, 10, 10, 10, 10, 10, 10, 11, 11]
state id: 78, label: [11, 10, 10, 10, 10, 10, 10, 10, 10, 10, 10, 10, 10, 10, 10, 10, 10, 10, 10, 11]
state id: 79, label: [11, 10, 10, 10, 10, 10, 10, 10, 10, 10, 10, 10, 10, 10, 10, 10, 10, 10, 10, 10, 10]
state id: 80, label: [11, 10, 10, 10, 10, 10, 10, 10, 10, 10, 10, 10, 10, 10, 10, 10, 10, 10, 11, 11, 11]
state id: 81, label: [11, 10, 10, 10, 10, 10, 10, 10, 10, 10, 10, 10, 10, 10, 10, 10, 10, 10, 10, 11, 11]
state id: 82, label: [11, 10, 10, 10, 10, 10, 10, 10, 10, 10, 10, 10, 10, 10, 10, 10, 10, 10, 10, 10, 11]
state id: 83, label: [11, 10, 10, 10, 10, 10, 10, 10, 10, 10, 10, 10, 10, 10, 10, 10, 10, 10, 10, 10, 10, 10]
state id: 84, label: [11, 10, 10, 10, 10, 10, 10, 10, 10, 10, 10, 10, 10, 10, 10, 10, 10, 10, 10, 11, 11, 11]
state id: 85, label: [11, 10, 10, 10, 10, 10, 10, 10, 10, 10, 10, 10, 10, 10, 10, 10, 10, 10, 10, 10, 11, 11]
state id: 86, label: [11, 10, 10, 10, 10, 10, 10, 10, 10, 10, 10, 10, 10, 10, 10, 10, 10, 10, 10, 10, 10, 11]
state id: 87, label: [11, 10, 10, 10, 10, 10, 10, 10, 10, 10, 10, 10, 10, 10, 10, 10, 10, 10, 10, 10, 10, 10, 10]
state id: 88, label: [11, 10, 10, 10, 10, 10, 10, 10, 10, 10, 10, 10, 10, 10, 10, 10, 10, 10, 10, 10, 11, 11, 11]
state id: 89, label: [11, 10, 10, 10, 10, 10, 10, 10, 10, 10, 10, 10, 10, 10, 10, 10, 10, 10, 10, 10, 10, 11, 11]
state id: 90, label: [11, 10, 10, 10, 10, 10, 10, 10, 10, 10, 10, 10, 10, 10, 10, 10, 10, 10, 10, 10, 10, 10, 11]
state id: 91, label: [11, 10, 10, 10, 10, 10, 10, 10, 10, 10, 10, 10, 10, 10, 10, 10, 10, 10, 10, 10, 10, 10, 10, 10]
state id: 92, label: [11, 10, 10, 10, 10, 10, 10, 10, 10, 10, 10, 10, 10, 10, 10, 10, 10, 10, 10, 10, 10, 11, 11, 11]
state id: 93, label: [11, 10, 10, 10, 10, 10, 10, 10, 10, 10, 10, 10, 10, 10, 10, 10, 10, 10, 10, 10, 10, 10, 11, 11]
state id: 94, label: [11, 10, 10, 10, 10, 10, 10, 10, 10, 10, 10, 10, 10, 10, 10, 10, 10, 10, 10, 10, 10, 10, 10, 11]
state id: 95, label: [11, 10, 10, 10, 10, 10, 10, 10, 10, 10, 10, 10, 10, 10, 10, 10, 10, 10, 10, 10, 10, 10, 10, 10, 10]
state id: 96, label: [11, 10, 10, 10, 10, 10, 10, 10, 10, 10, 10, 10, 10, 10, 10, 10, 10, 10, 10, 10, 10, 10, 11, 11, 11]
state id: 97, label: [11, 10, 10, 10, 10, 10, 10, 10, 10, 10, 10, 10, 10, 10, 10, 10, 10, 10, 10, 10, 10, 10, 10, 11, 11]
state id: 98, label: [11, 10, 10, 10, 10, 10, 10, 10, 10, 10, 10, 10, 10, 10, 10, 10, 10, 10, 10, 10, 10, 10, 10, 10, 11]
state id: 99, label: [11, 10, 10, 10, 10, 10, 10, 10, 10, 10, 10, 10, 10, 10, 10, 10, 10, 10, 10, 10, 10, 10, 10, 10, 10, 10]
state id: 100, label: [11, 10, 10, 10, 10, 10, 10, 10, 10, 10, 10, 10, 10, 10, 10, 10, 10, 10, 10, 10, 10, 10, 10, 11, 11, 11]
state id: 101, label: [11, 10, 10, 10, 10, 10, 10, 10, 10, 10, 10, 10, 10, 10, 10, 10, 10, 10, 10, 10, 10, 10, 10, 10, 11, 11]
state id: 102, label: [11, 10, 10, 10, 10, 10, 10, 10, 10, 10, 10, 10, 10, 10, 10, 10, 10, 10, 10, 10, 10, 10, 10, 10, 10, 11]
state id: 103, label: [11, 10, 10, 10, 10, 10, 10, 10, 10, 10, 10, 10, 10, 10, 10, 10, 10, 10, 10, 10, 10, 10, 10, 10, 10, 10, 10]
state id: 104, label: [11, 10, 10, 10, 10, 10, 10, 10, 10, 10, 10, 10, 10, 10, 10, 10, 10, 10, 10, 10, 10, 10, 10, 10, 11, 11, 11]
state id: 105, label: [11, 10, 10, 10, 10, 10, 10, 10, 10, 10, 10, 10, 10, 10, 10, 10, 10, 10, 10, 10, 10, 10, 10, 10, 10, 11, 11]
state id: 106, label: [11, 10, 10, 10, 10, 10, 10, 10, 10, 10, 10, 10, 10, 10, 10, 10, 10, 10, 10, 10, 10, 10, 10, 10, 10, 10, 11]
state id: 107, label: [11, 10, 10, 10, 10, 10, 10, 10, 10, 10, 10, 10, 10, 10, 10, 10, 10, 10, 10, 10, 10, 10, 10, 10, 10, 10, 10, 10]
state id: 108, label: [11, 10, 10, 10, 10, 10, 10, 10, 10, 10, 10, 10, 10, 10, 10, 10, 10, 10, 10, 10, 10, 10, 10, 10, 10, 11, 11, 11]
state id: 109, label: [11, 10, 10, 10, 10, 10, 10, 10, 10, 10, 10, 10, 10, 10, 10, 10, 10, 10, 10, 10, 10, 10, 10, 10, 10, 10, 11, 11]
state id: 110, label: [10, 10, 10, 10, 10, 10, 10, 10, 10, 10, 10, 10, 10, 10, 10, 10, 10, 10, 10, 10, 10, 10, 10, 10, 10, 10, 10, 11]
state id: 111, label: [11, 10, 10, 10, 10, 10, 10, 10, 10, 10, 10, 10, 10, 10, 10, 10, 10, 10, 10, 10, 10, 10, 10, 10, 10, 10, 10, 11]
state id: 112, label: [11, 10, 10, 10, 10, 10, 10, 10, 10, 10, 10, 10, 10, 10, 10, 10, 10, 10, 10, 10, 10, 10, 10, 10, 10, 10, 10, 10, 10]
state id: 113, label: [11, 10, 10, 10, 10, 10, 10, 10, 10, 10, 10, 10, 10, 10, 10, 10, 10, 10, 10, 10, 10, 10, 10, 10, 10, 10, 11, 11, 11]
state id: 114, label: [11, 10, 10, 10, 10, 10, 10, 10, 10, 10, 10, 10, 10, 10, 10, 10, 10, 10, 10, 10, 10, 10, 10, 10, 10, 10, 10, 11, 11]
state id: 115, label: [10, 10, 10, 10, 10, 10, 10, 10, 10, 10, 10, 10, 10, 10, 10, 10, 10, 10, 10, 10, 10, 10, 10, 10, 10, 10, 10, 11, 11]
state id: 116, label: [10, 10, 10, 10, 10, 10, 10, 10, 10, 10, 10, 10, 10, 10, 10, 10, 10, 10, 10, 10, 10, 10, 10, 10, 10, 10, 10, 10, 10, 10]
state id: 117, label: [11, 10, 10, 10, 10, 10, 10, 10, 10, 10, 10, 10, 10, 10, 10, 10, 10, 10, 10, 10, 10, 10, 10, 10, 10, 10, 10, 10, 10, 10]
state id: 118, label: [10, 10, 10, 10, 10, 10, 10, 10, 10, 10, 10, 10, 10, 10, 10, 10, 10, 10, 10, 10, 10, 10, 10, 10, 10, 10, 10, 11, 11, 11]
state id: 119, label: [11, 10, 10, 10, 10, 10, 10, 10, 10, 10, 10, 10, 10, 10, 10, 10, 10, 10, 10, 10, 10, 10, 10, 10, 10, 10, 10, 11, 11, 11]
